ID: 2024Y-05M-27D-17h56m53s_2wMv
START_TIME: 2024-05-27 17:56:53.734905
SDIR: 
    /home/ywatanabe/proj/siEEG_ripple_dev/utils/load/nix_2_csv_and_pkl/RUNNING/2024Y-05M-27D-17h56m53s_2wMv/
END_TIME: 2024-05-27 18:06:45.942133
SPENT_TIME: 00:09:52
